线路10,20150101,06,530
线路10,20150101,07,1865
线路10,20150101,08,2337
线路10,20150101,09,1513
线路10,20150101,10,1133
线路10,20150101,11,909
线路10,20150101,12,739
线路10,20150101,13,835
线路10,20150101,14,961
线路10,20150101,15,904
线路10,20150101,16,1168
线路10,20150101,17,1737
线路10,20150101,18,1905
线路10,20150101,19,1224
线路10,20150101,20,794
线路10,20150101,21,711
线路10,20150102,06,528
线路10,20150102,07,1880
线路10,20150102,08,2358
线路10,20150102,09,1523
线路10,20150102,10,1150
线路10,20150102,11,904
线路10,20150102,12,724
线路10,20150102,13,844
线路10,20150102,14,928
线路10,20150102,15,880
线路10,20150102,16,1117
线路10,20150102,17,1700
线路10,20150102,18,1967
线路10,20150102,19,1184
线路10,20150102,20,807
线路10,20150102,21,764
线路10,20150103,06,515
线路10,20150103,07,1901
线路10,20150103,08,2401
线路10,20150103,09,1483
线路10,20150103,10,1127
线路10,20150103,11,907
线路10,20150103,12,717
线路10,20150103,13,874
线路10,20150103,14,880
线路10,20150103,15,850
线路10,20150103,16,1086
线路10,20150103,17,1701
线路10,20150103,18,1938
线路10,20150103,19,1146
线路10,20150103,20,771
线路10,20150103,21,716
线路10,20150104,06,397
线路10,20150104,07,1346
线路10,20150104,08,1781
线路10,20150104,09,1458
线路10,20150104,10,1231
线路10,20150104,11,1037
线路10,20150104,12,833
线路10,20150104,13,955
线路10,20150104,14,1032
线路10,20150104,15,1010
线路10,20150104,16,1167
线路10,20150104,17,1621
线路10,20150104,18,1691
线路10,20150104,19,1104
线路10,20150104,20,855
线路10,20150104,21,722
线路10,20150105,06,397
线路10,20150105,07,1346
线路10,20150105,08,1781
线路10,20150105,09,1458
线路10,20150105,10,1231
线路10,20150105,11,1037
线路10,20150105,12,833
线路10,20150105,13,955
线路10,20150105,14,1032
线路10,20150105,15,1010
线路10,20150105,16,1167
线路10,20150105,17,1621
线路10,20150105,18,1691
线路10,20150105,19,1104
线路10,20150105,20,855
线路10,20150105,21,722
线路10,20150106,06,515
线路10,20150106,07,1901
线路10,20150106,08,2401
线路10,20150106,09,1483
线路10,20150106,10,1127
线路10,20150106,11,907
线路10,20150106,12,717
线路10,20150106,13,874
线路10,20150106,14,880
线路10,20150106,15,850
线路10,20150106,16,1086
线路10,20150106,17,1701
线路10,20150106,18,1938
线路10,20150106,19,1146
线路10,20150106,20,771
线路10,20150106,21,716
线路10,20150107,06,478
线路10,20150107,07,1735
线路10,20150107,08,2270
线路10,20150107,09,1509
线路10,20150107,10,1163
线路10,20150107,11,932
线路10,20150107,12,765
线路10,20150107,13,892
线路10,20150107,14,964
线路10,20150107,15,927
线路10,20150107,16,1158
线路10,20150107,17,1712
线路10,20150107,18,1909
线路10,20150107,19,1206
线路10,20150107,20,849
线路10,20150107,21,765
线路15,20150101,06,716
线路15,20150101,07,1991
线路15,20150101,08,2725
线路15,20150101,09,2679
线路15,20150101,10,2647
线路15,20150101,11,2207
线路15,20150101,12,2040
线路15,20150101,13,2338
线路15,20150101,14,2420
线路15,20150101,15,2363
线路15,20150101,16,2547
线路15,20150101,17,2660
线路15,20150101,18,2324
线路15,20150101,19,1723
线路15,20150101,20,1583
线路15,20150101,21,1400
线路15,20150102,06,1446
线路15,20150102,07,4516
线路15,20150102,08,4908
线路15,20150102,09,3316
线路15,20150102,10,2747
线路15,20150102,11,2028
线路15,20150102,12,1784
线路15,20150102,13,2090
线路15,20150102,14,2144
线路15,20150102,15,2313
线路15,20150102,16,2831
线路15,20150102,17,3742
线路15,20150102,18,3550
线路15,20150102,19,1965
线路15,20150102,20,1474
线路15,20150102,21,1309
线路15,20150103,06,1377
线路15,20150103,07,4563
线路15,20150103,08,4822
线路15,20150103,09,3291
线路15,20150103,10,2654
线路15,20150103,11,2019
线路15,20150103,12,1823
线路15,20150103,13,2103
线路15,20150103,14,2176
线路15,20150103,15,2312
线路15,20150103,16,2788
线路15,20150103,17,3731
线路15,20150103,18,3571
线路15,20150103,19,1995
线路15,20150103,20,1509
线路15,20150103,21,1346
线路15,20150104,06,1402
线路15,20150104,07,4461
线路15,20150104,08,4789
线路15,20150104,09,3264
线路15,20150104,10,2697
线路15,20150104,11,2036
线路15,20150104,12,1775
线路15,20150104,13,1990
线路15,20150104,14,2123
线路15,20150104,15,2280
线路15,20150104,16,2707
线路15,20150104,17,3576
线路15,20150104,18,3438
线路15,20150104,19,1927
线路15,20150104,20,1453
线路15,20150104,21,1378
线路15,20150105,06,1387
线路15,20150105,07,4421
线路15,20150105,08,4811
线路15,20150105,09,3321
线路15,20150105,10,2646
线路15,20150105,11,2099
线路15,20150105,12,1885
线路15,20150105,13,2065
线路15,20150105,14,2212
线路15,20150105,15,2492
线路15,20150105,16,2777
线路15,20150105,17,3577
线路15,20150105,18,3557
线路15,20150105,19,2116
线路15,20150105,20,1626
线路15,20150105,21,1487
线路15,20150106,06,788
线路15,20150106,07,2269
线路15,20150106,08,3043
线路15,20150106,09,2833
线路15,20150106,10,2677
线路15,20150106,11,2234
线路15,20150106,12,2185
线路15,20150106,13,2366
线路15,20150106,14,2425
线路15,20150106,15,2355
线路15,20150106,16,2599
线路15,20150106,17,2748
线路15,20150106,18,2516
线路15,20150106,19,1809
线路15,20150106,20,1622
线路15,20150106,21,1552
线路15,20150107,06,662
线路15,20150107,07,1786
线路15,20150107,08,2501
线路15,20150107,09,2594
线路15,20150107,10,2673
线路15,20150107,11,2237
线路15,20150107,12,2024
线路15,20150107,13,2363
线路15,20150107,14,2526
线路15,20150107,15,2478
线路15,20150107,16,2563
线路15,20150107,17,2635
线路15,20150107,18,2189
线路15,20150107,19,1690
线路15,20150107,20,1572
线路15,20150107,21,1283
